     1000       3909     157738
      1500       4661     143313
      2250       8311     253624
      3375      11517     519339
      5062      17152     775725
      7593      28451    1111140
     11389      36435    1122306
     17083      65452    2112226
     25624      82919    2532246
     38436     135556    4326527
     57654     207662    6935723
     86481     283007    8928651
    129721     509481   16238570
    194581     604124   21066570
    291871    1064268   44429146
    437806    1504585   58938442
    656709    2206530   89223998
    985063    3729954  146647837
   1477594    4694684  217160298
